{"nbformat":4,"nbformat_minor":0,"metadata":{"colab":{"provenance":[],"collapsed_sections":[]},"kernelspec":{"name":"python3","display_name":"Python 3"},"language_info":{"name":"python"}},"cells":[{"cell_type":"code","execution_count":28,"metadata":{"id":"GombFYtJX7Iv","executionInfo":{"status":"ok","timestamp":1667474363672,"user_tz":-60,"elapsed":253,"user":{"displayName":"Mariusz Łączyński","userId":"12033419536722924878"}}},"outputs":[],"source":["import numpy as np\n","import pandas as pd"]},{"cell_type":"markdown","source":["# **ZADANIE 1**"],"metadata":{"id":"fzHQiGm9tMqQ"}},{"cell_type":"code","source":["# ZADANIE 1\n","\n","data = pd.read_csv('president_heights.csv')\n","heights = np.array(data['height(cm)']) \n","print(heights) \n","print()\n","\n","# Średni wzrost\n","print(\"Mean height:         \", np.mean(heights))\n","\n","# Odchylenie standardowe\n","print(\"Standard deviation:  \", np.std(heights))\n","\n","# Najwyższy\n","print(\"Maximum height:      \", np.amax(heights))\n","\n","# Najniższy\n","print(\"Minimum height:      \", np.amin(heights))\n","\n","# 25 kwantyl\n","print(\"25th percentile:     \", np.percentile(heights, 25))\n","\n","# Mediana\n","print(\"Median:              \", np.median(heights))\n","\n","# 75 kwantyl\n","print(\"75th percentile:     \", np.percentile(heights, 75))"],"metadata":{"colab":{"base_uri":"https://localhost:8080/"},"id":"_7NGOQOmYGKN","outputId":"2a73c6ce-2096-4341-f667-dc63451629d0","executionInfo":{"status":"ok","timestamp":1667474365028,"user_tz":-60,"elapsed":344,"user":{"displayName":"Mariusz Łączyński","userId":"12033419536722924878"}}},"execution_count":29,"outputs":[{"output_type":"stream","name":"stdout","text":["[189 170 189 163 183 171 185 168 173 183 173 173 175 178 183 193 178 173\n"," 174 183 183 168 170 178 182 180 183 178 182 188 175 179 183 193 182 183\n"," 177 185 188 188 182 185]\n","\n","Mean height:          179.73809523809524\n","Standard deviation:   6.931843442745892\n","Maximum height:       193\n","Minimum height:       163\n","25th percentile:      174.25\n","Median:               182.0\n","75th percentile:      183.0\n"]}]},{"cell_type":"markdown","source":["# **ZADANIE 2**"],"metadata":{"id":"WSDR8xlbtXUx"}},{"cell_type":"code","source":["# ZADANIE 2\n","\n","from numpy import linalg\n","data2 = np.genfromtxt('Zadanie_2.csv', delimiter=';')\n","print(data2)"],"metadata":{"colab":{"base_uri":"https://localhost:8080/"},"id":"IdYRhOz7Z1wM","outputId":"8cd93fd2-aa2c-4805-9ce5-fd1fe7d81205","executionInfo":{"status":"ok","timestamp":1667474368250,"user_tz":-60,"elapsed":251,"user":{"displayName":"Mariusz Łączyński","userId":"12033419536722924878"}}},"execution_count":30,"outputs":[{"output_type":"stream","name":"stdout","text":["[[  1.   2.  15. -59.   9.   3.  75.   6.   7.   1.]\n"," [  0.   5.   0.   4.   6.  16.  44.   7.   1.   1.]\n"," [  7.  14.   3. -10.   9.  15.  73.   8.   2.   9.]\n"," [  1.   5.  15. -54.   5.  15.  35.   8.   6.   4.]\n"," [  0.   8.   5. -18.   7.  16.  91.   6.   7.   9.]\n"," [  7.  18.  23. -90.   4.   8.  31.   0.   1.   7.]\n"," [  2.   8.  20. -72.   4.   1.  91.   9.   4.   4.]\n"," [  4.  12.  18. -65.   6.   9.  76.   4.   9.   9.]\n"," [  7.  15.  13. -52.   5.   7.  54.   2.   7.   0.]\n"," [  2.   9.  15. -56.   6.   1.  98.   4.   8.   4.]]\n"]}]},{"cell_type":"code","source":["eigenvectors = np.linalg.eig(data2)\n","print(\"Wektory własne: \\n\", eigenvectors)\n","print()\n","eigenvalues = linalg.eigvals(data2)\n","print(\"Wartości własne: \\n\", eigenvalues)"],"metadata":{"colab":{"base_uri":"https://localhost:8080/"},"id":"ct6LDMpFnnYK","executionInfo":{"status":"ok","timestamp":1667474370313,"user_tz":-60,"elapsed":286,"user":{"displayName":"Mariusz Łączyński","userId":"12033419536722924878"}},"outputId":"3ae46f29-a380-4273-e08a-09d052330099"},"execution_count":31,"outputs":[{"output_type":"stream","name":"stdout","text":["Wektory własne: \n"," (array([104.34960192 +0.j        , -23.35660516+18.84992811j,\n","       -23.35660516-18.84992811j,  15.92989017 +0.j        ,\n","        -4.99456452 +0.j        ,   0.35205717 +5.80125175j,\n","         0.35205717 -5.80125175j,  -1.03383491 +0.j        ,\n","         3.87900166 +1.42651533j,   3.87900166 -1.42651533j]), array([[-0.29000475+0.j        , -0.07545445+0.07743149j,\n","        -0.07545445-0.07743149j, -0.03544485+0.j        ,\n","         0.42681634+0.j        , -0.22172831-0.29869259j,\n","        -0.22172831+0.29869259j,  0.41343726+0.j        ,\n","        -0.28670255+0.21891569j, -0.28670255-0.21891569j],\n","       [-0.24163153+0.j        ,  0.41229621+0.09197324j,\n","         0.41229621-0.09197324j,  0.45873475+0.j        ,\n","        -0.27056206+0.j        , -0.01331344+0.1422557j ,\n","        -0.01331344-0.1422557j , -0.31591047+0.j        ,\n","         0.41954481-0.10561864j,  0.41954481+0.10561864j],\n","       [-0.41060573+0.j        ,  0.37509638-0.00960818j,\n","         0.37509638+0.00960818j,  0.64067986+0.j        ,\n","        -0.37967609+0.j        , -0.60525232+0.j        ,\n","        -0.60525232-0.j        ,  0.6457768 +0.j        ,\n","         0.63631555+0.j        ,  0.63631555-0.j        ],\n","       [-0.18899971+0.j        , -0.05624951+0.174848j  ,\n","        -0.05624951-0.174848j  ,  0.25174536+0.j        ,\n","        -0.07625465+0.j        , -0.14870016-0.00795735j,\n","        -0.14870016+0.00795735j,  0.15206852+0.j        ,\n","         0.21373907+0.00228636j,  0.21373907-0.00228636j],\n","       [-0.42862199+0.j        ,  0.47707538+0.14580554j,\n","         0.47707538-0.14580554j,  0.39445834+0.j        ,\n","        -0.69542141+0.j        ,  0.07336021-0.43070469j,\n","         0.07336021+0.43070469j, -0.25948775+0.j        ,\n","         0.20250102-0.00411374j,  0.20250102+0.00411374j],\n","       [-0.14730562+0.j        , -0.57352911+0.j        ,\n","        -0.57352911-0.j        ,  0.10071325+0.j        ,\n","         0.30158403+0.j        , -0.04758838+0.12911829j,\n","        -0.04758838-0.12911829j,  0.21274791+0.j        ,\n","        -0.1503483 +0.03452906j, -0.1503483 -0.03452906j],\n","       [-0.34660607+0.j        , -0.13987374+0.06837303j,\n","        -0.13987374-0.06837303j, -0.04800705+0.j        ,\n","         0.06798106+0.j        ,  0.00512204+0.04215641j,\n","         0.00512204-0.04215641j,  0.05365357+0.j        ,\n","        -0.0534517 +0.00550802j, -0.0534517 -0.00550802j],\n","       [-0.34919853+0.j        , -0.08414467+0.07749664j,\n","        -0.08414467-0.07749664j,  0.25925893+0.j        ,\n","        -0.10039982+0.j        , -0.06761437-0.25584347j,\n","        -0.06761437+0.25584347j, -0.38214447+0.j        ,\n","         0.29485109-0.01300678j,  0.29485109+0.01300678j],\n","       [-0.2440048 +0.j        , -0.13777908+0.00402196j,\n","        -0.13777908-0.00402196j,  0.27709282+0.j        ,\n","        -0.00524365+0.j        ,  0.21866893+0.04463336j,\n","         0.21866893-0.04463336j, -0.12045798+0.j        ,\n","         0.27558332+0.02285482j,  0.27558332-0.02285482j],\n","       [-0.38231403+0.j        , -0.00476199+0.03456836j,\n","        -0.00476199-0.03456836j,  0.04918165+0.j        ,\n","         0.07322815+0.j        ,  0.1819345 -0.29687727j,\n","         0.1819345 +0.29687727j, -0.11445044+0.j        ,\n","         0.02830199+0.00579727j,  0.02830199-0.00579727j]]))\n","\n","Wartości własne: \n"," [104.34960192 +0.j         -23.35660516+18.84992811j\n"," -23.35660516-18.84992811j  15.92989017 +0.j\n","  -4.99456452 +0.j           0.35205717 +5.80125175j\n","   0.35205717 -5.80125175j  -1.03383491 +0.j\n","   3.87900166 +1.42651533j   3.87900166 -1.42651533j]\n"]}]},{"cell_type":"code","source":["import numpy as np\n","inverse = np.linalg.inv(data2)\n","print(\"Macierz odwrotna: \\n\", inverse)"],"metadata":{"colab":{"base_uri":"https://localhost:8080/"},"id":"Ujza4ao3nlmU","executionInfo":{"status":"ok","timestamp":1667474373087,"user_tz":-60,"elapsed":265,"user":{"displayName":"Mariusz Łączyński","userId":"12033419536722924878"}},"outputId":"65ee473c-84a9-4b7c-face-6e9749664c30"},"execution_count":32,"outputs":[{"output_type":"stream","name":"stdout","text":["Macierz odwrotna: \n"," [[ 0.47461371  0.13269253 -0.24726695 -0.82965177  0.28250384 -0.17012825\n","   0.58274426  0.83686705  0.4146721  -1.56942847]\n"," [-0.38032531 -0.11226789  0.23216372  0.58853747 -0.2508954   0.10174485\n","  -0.40729564 -0.58325689 -0.2335154   1.11832726]\n"," [ 0.13559662  0.58950334 -0.24709855 -0.58789838 -0.30170699 -0.12721938\n","   0.23740295  1.01003036 -0.02151387 -0.64590149]\n"," [ 0.01425207  0.14570726 -0.04557569 -0.12721972 -0.08945184 -0.03756624\n","   0.03910376  0.23606066 -0.01436771 -0.11345749]\n"," [-0.09473246  0.01725249  0.19145597  0.32960274 -0.28626296  0.08348529\n","  -0.37577603 -0.27295934 -0.25855803  0.74691827]\n"," [ 0.16387032  0.10075684 -0.15404907 -0.29794662  0.16916877 -0.02827782\n","   0.20469921  0.28036265  0.15086178 -0.5882585 ]\n"," [ 0.04288003  0.02246462 -0.0366803  -0.09024915  0.04322146 -0.01047861\n","   0.06167348  0.07009721  0.0367806  -0.14185925]\n"," [-0.26858433 -0.21167346  0.25168367  0.55607234 -0.16804333  0.01066975\n","  -0.22435849 -0.52957038 -0.15757224  0.77302113]\n"," [-0.15583541 -0.13041404  0.0984558   0.3150966  -0.09916278 -0.04426337\n","  -0.20832614 -0.18404388 -0.04309498  0.45794224]\n"," [-0.05970783 -0.11342903  0.09122544  0.11908074 -0.00311646  0.02370807\n","  -0.07526552 -0.06924544 -0.10963836  0.16553689]]\n"]}]},{"cell_type":"markdown","source":["# **ZADANIE 3**"],"metadata":{"id":"_xxmioOXtcEC"}},{"cell_type":"code","source":["# ZADANIE 3\n","\n","rainfall = pd.read_csv('Seattle2014.csv')['PRCP'].values\n","inches = rainfall / 254.0  # 1/10mm -> inches\n","inches.shape"],"metadata":{"colab":{"base_uri":"https://localhost:8080/"},"id":"UDEEiyn_pRda","executionInfo":{"status":"ok","timestamp":1667474375241,"user_tz":-60,"elapsed":253,"user":{"displayName":"Mariusz Łączyński","userId":"12033419536722924878"}},"outputId":"e8424a63-dd71-44dd-fb85-43e28ec49a4d"},"execution_count":33,"outputs":[{"output_type":"execute_result","data":{"text/plain":["(365,)"]},"metadata":{},"execution_count":33}]},{"cell_type":"code","source":["# Dni, kiedy nie padało\n","without_rain = np.count_nonzero(inches == 0)\n","print(\"Number days without rain:        \", without_rain)\n","\n","# Dni, kiedy padało\n","with_rain = np.count_nonzero(inches)\n","print(\"Number days with rain:           \", with_rain)\n","\n","# Dni, kiedy spadło powyżej 0,5\" deszczu\n","above_05 = np.count_nonzero(inches > 0.5)\n","print(\"Days with more than 0.5 inches:  \", above_05)\n","\n","# Dni, kiedy spadło poniżej 0,2\" deszczu, ale padało\n","below_02 = np.count_nonzero((inches != 0) & (inches < 0.2))\n","print(\"Rainy days with < 0.2 inches:    \", below_02)"],"metadata":{"colab":{"base_uri":"https://localhost:8080/"},"id":"25ad1e7huND0","executionInfo":{"status":"ok","timestamp":1667474377102,"user_tz":-60,"elapsed":242,"user":{"displayName":"Mariusz Łączyński","userId":"12033419536722924878"}},"outputId":"4ef937e9-1736-479d-f5c8-a84e91ef876c"},"execution_count":34,"outputs":[{"output_type":"stream","name":"stdout","text":["Number days without rain:         215\n","Number days with rain:            150\n","Days with more than 0.5 inches:   37\n","Rainy days with < 0.2 inches:     75\n"]}]},{"cell_type":"code","source":["# Mediana opadów w deszczowe dni w 2014 roku\n","mask1 = np.ma.masked_equal(inches, 0)\n","print(\"Median precip on rainy days in 2014 (inches):    \", np.round(np.ma.median(mask1), 3))\n","\n","# Mediana opadów latem w 2014 roku (czyli dni pomiędzy dniem 172 a 262)\n","mask2 = np.ma.masked_equal(inches[171:262], 0)\n","print(\"Median precip on summer days in 2014 (inches):   \", np.round(np.ma.median(mask2), 3))\n","\n","# Maksymalne opady latem 2014 roku \n","max_precip_summer = mask2.max()\n","# analogiczne do: np.max(inches[171:262])\n","print(\"Maximum precip on summer days in 2014 (inches):  \", np.round(max_precip_summer, 3))\n","\n","# Maksymalne opady poza latem 2014 roku (czyli wiosna, jesień i zima)\n","spring_precip = inches[:171]\n","winter_autumn_precip = inches[263:]\n","precip_included = np.concatenate([spring_precip,winter_autumn_precip])\n","mask3 = np.ma.masked_equal(precip_included, 0)\n","max_precip_non_summer = mask3.max()\n","print(\"Median precip on non-summer rainy days (inches): \", np.round(max_precip_non_summer, 3))"],"metadata":{"colab":{"base_uri":"https://localhost:8080/"},"id":"Uuv2jP5L_S-7","executionInfo":{"status":"ok","timestamp":1667474379077,"user_tz":-60,"elapsed":347,"user":{"displayName":"Mariusz Łączyński","userId":"12033419536722924878"}},"outputId":"d5da45d5-4689-4ad0-a597-c8e281d65779"},"execution_count":35,"outputs":[{"output_type":"stream","name":"stdout","text":["Median precip on rainy days in 2014 (inches):     0.195\n","Median precip on summer days in 2014 (inches):    0.061\n","Maximum precip on summer days in 2014 (inches):   0.85\n","Median precip on non-summer rainy days (inches):  1.839\n"]}]},{"cell_type":"markdown","source":["# **ZADANIE 4**"],"metadata":{"id":"N3i0zNs1_NCy"}},{"cell_type":"code","source":["# ZADANIE 4\n","\n","import math\n","A = [0,3,2,5]\n","B = [0,3,1,4]\n","\n","# Dodaj A i B\n","A = np.array(A)\n","B = np.array(B)\n","print(\"A + B =\", A + B)\n","\n","# Odejmij B od A\n","print(\"A - B =\", A - B)\n","\n","# Pomnóż wektor A przez skalar a=4\n","a = 4\n","print(\"A * a =\", A*a)\n","\n","# Oblicz iloczyn skalarny wektorów A i B\n","print(\"Iloczyn skalarny =\", np.dot(A, B))\n","\n","# Znajdź długość wektora B\n","print(\"Długość wektora B =\", np.linalg.norm(B))"],"metadata":{"id":"2x3iWZGRbrPb","colab":{"base_uri":"https://localhost:8080/"},"executionInfo":{"status":"ok","timestamp":1667474353105,"user_tz":-60,"elapsed":288,"user":{"displayName":"Mariusz Łączyński","userId":"12033419536722924878"}},"outputId":"bbff5d80-219a-465b-a1cc-4d3148fdf0de"},"execution_count":27,"outputs":[{"output_type":"stream","name":"stdout","text":["A + B = [0 6 3 9]\n","A - B = [0 0 1 1]\n","A * a = [ 0 12  8 20]\n","Iloczyn skalarny = 31\n","Długość wektora B = 5.0990195135927845\n"]}]}]}